99.0
3.0
0.0
3.0
2.0
10.0
0.0
0.0
7.0
2.0
1.0
0.0
0.0
18.0
0.0
0.0
0.0
48.0
0.0
0.0
4.0
0.0
4.0
0.0
7.0
1.0
21.0
0.0
0.0
0.0
0.0
2.0
0.0
2.0
0.0
15.0
4.0
0.0
0.0
0.0
6.0
30.0
0.0
0.0
2.0
0.0
7.0
0.0
0.0
0.0
0.0
0.0
0.0
0.0
0.0
0.0
0.0
0.0
0.0
4.0
0.0
3.0
0.0
0.0
0.0
2.0
9.0
21.0
0.0
0.0
0.0
0.0
2.0
0.0
0.0
0.0
0.0
1.0
0.0
0.0
0.0
0.0
2.0
0.0
0.0
0.0
1.0
2.0
1.0
0.0
0.0
0.0
0.0
0.0
0.0
0.0
0.0
0.0
0.0
0.0
0.0
0.0
1.0
1.0
2.0
3.0
5.0
1.0
4.0
1.0
2.0
2.0
1.0
2.0
1.0
1.0
1.0
25.0
1.0
1.0
1.0
1.0
1.0
4.0
4.0
1.0
1.0
2.0
1.0
2.0
8.0
6.0
1.0
4.0
6.0
4.0
3.0
1.0
2.0
8.0
1.0
1.0
6.0
1.0
2.0
1.0
3.0
4.0
1.0
1.0
1.0
1.0
1.0
1.0
1.0
1.0
3.0
1.0
4.0
3.0
1.0
1.0
2.0
1.0
1.0
1.0
1.0
1.0
1.0
1.0
1.0
2.0
1.0
1.0
