18.0
2.0
0.0
1.0
0.0
79.0
1.0
0.0
4.0
0.0
0.0
0.0
0.0
6.0
0.0
0.0
0.0
6.0
2.0
0.0
0.0
0.0
3.0
0.0
5.0
0.0
13.0
0.0
0.0
0.0
0.0
1.0
0.0
3.0
0.0
4.0
0.0
1.0
0.0
0.0
0.0
42.0
1.0
0.0
0.0
0.0
0.0
0.0
0.0
0.0
0.0
1.0
0.0
0.0
1.0
4.0
0.0
0.0
0.0
0.0
0.0
15.0
0.0
0.0
0.0
0.0
0.0
2.0
0.0
0.0
0.0
0.0
0.0
0.0
0.0
0.0
0.0
0.0
1.0
0.0
0.0
0.0
0.0
0.0
0.0
0.0
0.0
0.0
0.0
3.0
5.0
3.0
0.0
0.0
0.0
0.0
0.0
0.0
0.0
0.0
0.0
0.0
0.0
0.0
0.0
0.0
0.0
0.0
0.0
0.0
0.0
1.0
0.0
0.0
0.0
0.0
0.0
1.0
0.0
0.0
0.0
0.0
0.0
0.0
0.0
0.0
0.0
16.0
0.0
0.0
1.0
0.0
8.0
0.0
0.0
0.0
1.0
0.0
7.0
0.0
0.0
0.0
0.0
0.0
0.0
0.0
0.0
3.0
0.0
0.0
0.0
0.0
0.0
0.0
0.0
0.0
0.0
0.0
0.0
0.0
0.0
0.0
0.0
1.0
2.0
0.0
3.0
0.0
0.0
0.0
0.0
0.0
0.0
1.0
1.0
17.0
5.0
12.0
4.0
11.0
1.0
3.0
1.0
2.0
2.0
7.0
1.0
1.0
3.0
1.0
1.0
1.0
1.0
1.0
5.0
1.0
3.0
3.0
1.0
2.0
2.0
6.0
1.0
1.0
1.0
1.0
9.0
4.0
3.0
5.0
1.0
2.0
1.0
1.0
31.0
1.0
1.0
1.0
2.0
15.0
1.0
1.0
1.0
1.0
1.0
1.0
1.0
2.0
