387.0
6.0
0.0
0.0
0.0
160.0
0.0
0.0
4.0
3.0
0.0
0.0
0.0
0.0
0.0
0.0
1.0
2.0
9.0
0.0
13.0
0.0
0.0
0.0
16.0
0.0
12.0
0.0
2.0
0.0
0.0
3.0
0.0
0.0
0.0
10.0
0.0
0.0
0.0
0.0
2.0
10.0
0.0
0.0
0.0
0.0
0.0
0.0
0.0
0.0
1.0
0.0
0.0
0.0
0.0
6.0
0.0
0.0
0.0
0.0
1.0
2.0
3.0
0.0
0.0
0.0
0.0
8.0
0.0
0.0
0.0
0.0
2.0
0.0
0.0
0.0
0.0
0.0
5.0
0.0
0.0
0.0
0.0
0.0
0.0
0.0
0.0
0.0
0.0
0.0
0.0
0.0
0.0
0.0
1.0
0.0
0.0
0.0
0.0
0.0
0.0
0.0
0.0
0.0
0.0
0.0
0.0
0.0
0.0
0.0
0.0
21.0
0.0
0.0
0.0
0.0
0.0
16.0
0.0
0.0
0.0
0.0
0.0
0.0
0.0
0.0
0.0
1.0
0.0
0.0
21.0
0.0
31.0
0.0
0.0
0.0
0.0
0.0
0.0
1.0
2.0
0.0
0.0
0.0
0.0
0.0
0.0
3.0
0.0
0.0
5.0
0.0
0.0
0.0
0.0
0.0
1.0
0.0
1.0
0.0
0.0
0.0
0.0
7.0
24.0
0.0
1.0
0.0
0.0
0.0
0.0
0.0
1.0
48.0
0.0
0.0
3.0
34.0
3.0
68.0
21.0
0.0
0.0
0.0
0.0
31.0
12.0
0.0
3.0
0.0
0.0
0.0
1.0
0.0
91.0
47.0
0.0
0.0
0.0
0.0
0.0
0.0
0.0
0.0
0.0
0.0
0.0
0.0
0.0
0.0
0.0
0.0
0.0
0.0
5.0
0.0
0.0
0.0
0.0
0.0
0.0
0.0
0.0
0.0
0.0
1.0
0.0
5.0
0.0
0.0
0.0
0.0
1.0
2.0
13.0
2.0
9.0
7.0
1.0
2.0
3.0
8.0
19.0
10.0
30.0
4.0
3.0
2.0
27.0
2.0
1.0
1.0
5.0
5.0
2.0
2.0
1.0
1.0
9.0
2.0
1.0
2.0
4.0
1.0
1.0
8.0
1.0
1.0
1.0
7.0
2.0
1.0
1.0
1.0
6.0
1.0
1.0
1.0
1.0
1.0
2.0
1.0
4.0
6.0
4.0
2.0
2.0
1.0
