3.0
3.0
1.0
3.0
2.0
3.0
3.0
7.0
1.0
5.0
6.0
1.0
2.0
4.0
1.0
11.0
5.0
6.0
3.0
4.0
4.0
3.0
4.0
5.0
4.0
5.0
4.0
4.0
6.0
4.0
3.0
4.0
4.0
4.0
4.0
2.0
3.0
4.0
4.0
4.0
4.0
5.0
2.0
13.0
14.0
96.0
3.0
3.0
42.0
7.0
9.0
8.0
4.0
81.0
6.0
2.0
4.0
2.0
4.0
7.0
9.0
3.0
8.0
1.0
17.0
9.0
51.0
41.0
95.0
1.0
2.0
12.0
3.0
2.0
5.0
2.0
2.0
4.0
6.0
2.0
2.0
1.0
3.0
3.0
3.0
3.0
5.0
5.0
2.0
3.0
17.0
11.0
7.0
4.0
6.0
13.0
25.0
9.0
11.0
6.0
28.0
10.0
15.0
4.0
11.0
12.0
11.0
11.0
6.0
5.0
16.0
3.0
1.0
57.0
4.0
2.0
2.0
3.0
1.0
1.0
4.0
1.0
1.0
1.0
8.0
1.0
3.0
1.0
1.0
1.0
1.0
1.0
10.0
1.0
1.0
6.0
3.0
3.0
3.0
12.0
8.0
1.0
1.0
1.0
2.0
1.0
1.0
1.0
1.0
1.0
1.0
1.0
1.0
1.0
1.0
1.0
1.0
1.0
1.0
1.0
3.0
1.0
1.0
3.0
3.0
3.0
3.0
6.0
6.0
67.0
6.0
7.0
3.0
3.0
3.0
2.0
2.0
2.0
1.0
1.0
2.0
2.0
1.0
1.0
2.0
1.0
2.0
2.0
2.0
2.0
2.0
2.0
2.0
1.0
1.0
4.0
1.0
4.0
2.0
2.0
2.0
2.0
2.0
2.0
1.0
1.0
2.0
2.0
1.0
1.0
2.0
2.0
1.0
1.0
2.0
1.0
1.0
2.0
1.0
1.0
2.0
2.0
2.0
1.0
1.0
2.0
2.0
2.0
2.0
1.0
1.0
2.0
1.0
1.0
2.0
1.0
1.0
2.0
1.0
1.0
2.0
1.0
1.0
2.0
1.0
1.0
2.0
1.0
1.0
2.0
2.0
2.0
1.0
1.0
2.0
2.0
1.0
1.0
6.0
2.0
3.0
3.0
2.0
1.0
1.0
1.0
1.0
1.0
1.0
1.0
1.0
1.0
1.0
2.0
1.0
1.0
2.0
16.0
2.0
7.0
17.0
10.0
3.0
180.0
3.0
3.0
3.0
106.0
58.0
4.0
54.0
36.0
22.0
3.0
67.0
3.0
3.0
310.0
50.0
2.0
3.0
12.0
30.0
2.0
5.0
54.0
36.0
1.0
1.0
1.0
9.0
22.0
1.0
11.0
1.0
1.0
1.0
27.0
1.0
5.0
1.0
3.0
1.0
2.0
1.0
1.0
1.0
1.0
1.0
1.0
1.0
1.0
3.0
1.0
1.0
1.0
1.0
3.0
1.0
1.0
3.0
10.0
6.0
2.0
3.0
1.0
1.0
1.0
2.0
1.0
1.0
1.0
1.0
1.0
1.0
1.0
1.0
1.0
1.0
1.0
1.0
1.0
1.0
1.0
3.0
1.0
1.0
1.0
3.0
3.0
3.0
1.0
25.0
25.0
81.0
69.0
34.0
2.0
31.0
31.0
89.0
31.0
24.0
128.0
1.0
34.0
22.0
23.0
18.0
18.0
33.0
71.0
34.0
106.0
65.0
52.0
12.0
2.0
1.0
1.0
2.0
27.0
5.0
1.0
17.0
2.0
2.0
2.0
9.0
1.0
1.0
1.0
1.0
16.0
5.0
127.0
16.0
23.0
1.0
4.0
162.0
3.0
1.0
5.0
3.0
3.0
3.0
3.0
9.0
1.0
5.0
37.0
15.0
41.0
7.0
18.0
5.0
1.0
1.0
1.0
1.0
2.0
1.0
1.0
4.0
1.0
1.0
1.0
1.0
1.0
1.0
19.0
10.0
9.0
2.0
3.0
1.0
6.0
9.0
2.0
1.0
1.0
1.0
1.0
1.0
1.0
1.0
1.0
1.0
1.0
12.0
12.0
1.0
12.0
2.0
12.0
2.0
165.0
26.0
38.0
7.0
23.0
3.0
3.0
1.0
1.0
1.0
1.0
1.0
3.0
3.0
1.0
1.0
1.0
1.0
23.0
1.0
42.0
4.0
14.0
3.0
5.0
18.0
3.0
1.0
1.0
1.0
3.0
3.0
2.0
3.0
2.0
2.0
2.0
3.0
3.0
1.0
1.0
1.0
1.0
1.0
1.0
1.0
1.0
1.0
1.0
1.0
1.0
1.0
1.0
1.0
1.0
1.0
1.0
1.0
1.0
1.0
1.0
2.0
2.0
1.0
1.0
1.0
1.0
1.0
2.0
2.0
2.0
2.0
2.0
2.0
2.0
2.0
2.0
2.0
1.0
2.0
2.0
1.0
2.0
1.0
1.0
15.0
5.0
2.0
5.0
6.0
1.0
1.0
1.0
1.0
1.0
1.0
1.0
1.0
1.0
1.0
3.0
1.0
1.0
2.0
1.0
2.0
2.0
2.0
2.0
1.0
1.0
2.0
2.0
2.0
2.0
2.0
2.0
1.0
1.0
2.0
1.0
1.0
1.0
1.0
1.0
2.0
1.0
1.0
2.0
1.0
1.0
2.0
1.0
1.0
2.0
1.0
1.0
2.0
1.0
1.0
2.0
1.0
1.0
1.0
1.0
1.0
2.0
2.0
2.0
1.0
1.0
2.0
1.0
1.0
1.0
1.0
1.0
1.0
1.0
2.0
1.0
1.0
1.0
1.0
1.0
1.0
1.0
2.0
1.0
1.0
1.0
1.0
1.0
2.0
1.0
1.0
2.0
1.0
1.0
1.0
1.0
1.0
2.0
2.0
1.0
1.0
2.0
1.0
1.0
1.0
1.0
1.0
2.0
1.0
1.0
2.0
1.0
1.0
1.0
1.0
1.0
2.0
1.0
1.0
2.0
1.0
1.0
1.0
1.0
1.0
2.0
2.0
1.0
1.0
2.0
1.0
1.0
1.0
1.0
1.0
2.0
1.0
1.0
2.0
1.0
1.0
1.0
1.0
1.0
2.0
1.0
1.0
2.0
1.0
1.0
1.0
1.0
1.0
2.0
1.0
1.0
2.0
1.0
1.0
1.0
1.0
1.0
1.0
1.0
1.0
2.0
1.0
1.0
1.0
1.0
1.0
1.0
1.0
1.0
2.0
2.0
1.0
1.0
2.0
1.0
1.0
1.0
2.0
1.0
1.0
1.0
1.0
10.0
10.0
12.0
5.0
5.0
5.0
14.0
12.0
25.0
58.0
11.0
11.0
21.0
22.0
9.0
9.0
10.0
10.0
11.0
10.0
10.0
2.0
4.0
4.0
2.0
1.0
6.0
1.0
4.0
2.0
1.0
4.0
5.0
2.0
2.0
2.0
10.0
5.0
5.0
3.0
4.0
2.0
4.0
26.0
2.0
2.0
4.0
1.0
1.0
4.0
7.0
1.0
2.0
4.0
2.0
3.0
4.0
2.0
3.0
4.0
2.0
2.0
3.0
2.0
5.0
14.0
4.0
1.0
4.0
3.0
2.0
1.0
1.0
2.0
1.0
1.0
1.0
1.0
1.0
1.0
1.0
1.0
1.0
1.0
1.0
1.0
1.0
1.0
1.0
1.0
1.0
1.0
1.0
1.0
1.0
1.0
1.0
1.0
1.0
1.0
1.0
1.0
1.0
1.0
2.0
1.0
1.0
1.0
1.0
1.0
1.0
1.0
1.0
1.0
1.0
1.0
1.0
1.0
1.0
1.0
1.0
1.0
1.0
1.0
1.0
1.0
1.0
1.0
1.0
1.0
1.0
1.0
13.0
1.0
1.0
1.0
2.0
2.0
3.0
3.0
3.0
3.0
1.0
1.0
1.0
2.0
3.0
5.0
1.0
1.0
2.0
2.0
3.0
3.0
2.0
3.0
5.0
3.0
4.0
7.0
1.0
1.0
1.0
1.0
1.0
2.0
2.0
2.0
29.0
1.0
3.0
3.0
2.0
1.0
10.0
2.0
1.0
2.0
7.0
3.0
2.0
15.0
22.0
17.0
13.0
1.0
1.0
3.0
5.0
2.0
1.0
1.0
7.0
39.0
10.0
15.0
1.0
1.0
1.0
1.0
12.0
1.0
1.0
2.0
4.0
1.0
2.0
40.0
1.0
3.0
3.0
1.0
1.0
8.0
13.0
1.0
1.0
1.0
10.0
3.0
1.0
19.0
47.0
55.0
51.0
13.0
2.0
1.0
7.0
27.0
3.0
2.0
4.0
1.0
4.0
3.0
1.0
1.0
1.0
2.0
1.0
1.0
2.0
4.0
2.0
15.0
1.0
2.0
1.0
1.0
11.0
6.0
1.0
1.0
3.0
2.0
5.0
5.0
13.0
1.0
10.0
3.0
3.0
3.0
5.0
5.0
3.0
3.0
3.0
3.0
3.0
2.0
5.0
1.0
6.0
6.0
2.0
24.0
1.0
3.0
3.0
2.0
2.0
1.0
2.0
2.0
2.0
1.0
2.0
1.0
2.0
2.0
2.0
3.0
1.0
3.0
1.0
4.0
1.0
1.0
1.0
1.0
1.0
1.0
1.0
1.0
1.0
1.0
11.0
1.0
1.0
1.0
2.0
2.0
1.0
1.0
1.0
1.0
1.0
2.0
2.0
2.0
2.0
1.0
1.0
1.0
1.0
2.0
3.0
1.0
1.0
1.0
1.0
1.0
1.0
1.0
1.0
1.0
1.0
1.0
1.0
1.0
1.0
1.0
1.0
1.0
1.0
1.0
1.0
1.0
1.0
1.0
1.0
1.0
1.0
2.0
2.0
2.0
1.0
1.0
2.0
1.0
1.0
2.0
2.0
1.0
1.0
1.0
1.0
2.0
2.0
2.0
2.0
1.0
1.0
2.0
2.0
2.0
1.0
1.0
2.0
1.0
1.0
1.0
1.0
2.0
1.0
1.0
1.0
1.0
2.0
1.0
1.0
1.0
1.0
2.0
1.0
1.0
1.0
4.0
6.0
1.0
1.0
2.0
2.0
2.0
2.0
2.0
2.0
2.0
2.0
2.0
2.0
2.0
2.0
2.0
2.0
2.0
2.0
2.0
2.0
2.0
4.0
4.0
5.0
12.0
5.0
9.0
12.0
4.0
5.0
4.0
2.0
2.0
3.0
3.0
2.0
2.0
2.0
2.0
2.0
2.0
2.0
2.0
1.0
1.0
1.0
12.0
7.0
1.0
1.0
4.0
3.0
3.0
3.0
5.0
8.0
1.0
3.0
3.0
5.0
5.0
15.0
3.0
2.0
2.0
1.0
1.0
1.0
1.0
2.0
7.0
3.0
2.0
2.0
1.0
6.0
4.0
4.0
4.0
2.0
4.0
1.0
2.0
1.0
3.0
5.0
1.0
20.0
11.0
7.0
2.0
4.0
1.0
2.0
4.0
4.0
7.0
3.0
2.0
5.0
7.0
2.0
2.0
3.0
3.0
3.0
3.0
2.0
4.0
2.0
2.0
2.0
2.0
2.0
2.0
2.0
4.0
2.0
1.0
1.0
1.0
1.0
1.0
1.0
1.0
9.0
2.0
1.0
1.0
1.0
1.0
3.0
1.0
1.0
1.0
4.0
1.0
1.0
1.0
1.0
1.0
1.0
1.0
2.0
1.0
1.0
1.0
6.0
1.0
1.0
1.0
1.0
2.0
1.0
1.0
1.0
1.0
1.0
2.0
2.0
3.0
3.0
5.0
2.0
4.0
1.0
1.0
15.0
1.0
1.0
4.0
1.0
18.0
2.0
2.0
1.0
2.0
2.0
1.0
4.0
1.0
1.0
1.0
1.0
1.0
2.0
6.0
13.0
1.0
4.0
1.0
1.0
1.0
1.0
3.0
1.0
1.0
2.0
2.0
2.0
1.0
1.0
4.0
3.0
2.0
2.0
3.0
1.0
1.0
1.0
1.0
1.0
1.0
2.0
4.0
4.0
4.0
4.0
4.0
2.0
6.0
1.0
1.0
2.0
2.0
2.0
16.0
1.0
6.0
2.0
9.0
2.0
2.0
2.0
2.0
5.0
2.0
1.0
4.0
4.0
4.0
3.0
8.0
4.0
4.0
1.0
13.0
32.0
7.0
4.0
1.0
3.0
6.0
4.0
3.0
1.0
1.0
1.0
3.0
3.0
1.0
1.0
4.0
6.0
2.0
2.0
3.0
2.0
2.0
2.0
1.0
1.0
3.0
2.0
2.0
2.0
2.0
6.0
2.0
24.0
2.0
2.0
2.0
2.0
3.0
4.0
2.0
2.0
1.0
2.0
1.0
2.0
1.0
2.0
2.0
2.0
2.0
2.0
2.0
2.0
2.0
2.0
1.0
2.0
2.0
2.0
1.0
5.0
2.0
1.0
6.0
3.0
6.0
6.0
7.0
6.0
3.0
5.0
25.0
2.0
2.0
1.0
1.0
2.0
10.0
6.0
2.0
4.0
2.0
2.0
3.0
2.0
2.0
2.0
2.0
2.0
1.0
1.0
1.0
1.0
1.0
1.0
2.0
1.0
1.0
1.0
1.0
2.0
1.0
1.0
1.0
1.0
1.0
1.0
1.0
2.0
1.0
1.0
1.0
1.0
6.0
1.0
2.0
2.0
1.0
1.0
1.0
1.0
1.0
1.0
1.0
2.0
2.0
1.0
1.0
1.0
2.0
2.0
1.0
1.0
1.0
1.0
7.0
1.0
4.0
1.0
1.0
1.0
1.0
3.0
1.0
1.0
1.0
1.0
3.0
1.0
1.0
1.0
6.0
1.0
3.0
1.0
1.0
2.0
2.0
1.0
1.0
1.0
1.0
1.0
1.0
1.0
1.0
9.0
1.0
1.0
1.0
1.0
2.0
1.0
2.0
4.0
2.0
1.0
1.0
4.0
1.0
3.0
1.0
3.0
1.0
1.0
1.0
1.0
2.0
2.0
1.0
2.0
1.0
1.0
1.0
1.0
1.0
1.0
3.0
1.0
1.0
1.0
1.0
1.0
1.0
1.0
2.0
1.0
1.0
1.0
1.0
1.0
1.0
1.0
1.0
1.0
1.0
1.0
1.0
1.0
1.0
1.0
1.0
1.0
1.0
1.0
1.0
1.0
1.0
1.0
1.0
1.0
1.0
1.0
1.0
1.0
1.0
1.0
1.0
1.0
1.0
1.0
1.0
5.0
5.0
5.0
1.0
1.0
1.0
1.0
1.0
4.0
2.0
1.0
6.0
3.0
1.0
5.0
2.0
1.0
1.0
1.0
4.0
3.0
1.0
2.0
3.0
2.0
3.0
2.0
2.0
2.0
2.0
1.0
2.0
1.0
1.0
1.0
1.0
1.0
1.0
1.0
1.0
1.0
1.0
1.0
1.0
1.0
1.0
2.0
1.0
3.0
1.0
2.0
2.0
2.0
1.0
4.0
1.0
1.0
3.0
1.0
1.0
1.0
2.0
1.0
1.0
1.0
2.0
1.0
1.0
1.0
1.0
1.0
1.0
1.0
1.0
1.0
1.0
1.0
1.0
1.0
1.0
1.0
1.0
2.0
2.0
2.0
2.0
1.0
1.0
1.0
1.0
3.0
2.0
2.0
4.0
1.0
1.0
1.0
1.0
3.0
3.0
3.0
1.0
2.0
1.0
1.0
1.0
1.0
2.0
1.0
1.0
1.0
2.0
2.0
1.0
9.0
3.0
2.0
4.0
1.0
3.0
1.0
1.0
1.0
1.0
1.0
1.0
1.0
1.0
1.0
1.0
1.0
1.0
1.0
1.0
1.0
1.0
1.0
1.0
1.0
1.0
1.0
1.0
1.0
1.0
1.0
1.0
1.0
1.0
1.0
1.0
1.0
1.0
1.0
1.0
1.0
1.0
1.0
1.0
1.0
1.0
1.0
1.0
2.0
1.0
1.0
1.0
1.0
1.0
1.0
1.0
2.0
2.0
1.0
1.0
1.0
1.0
1.0
